000001 1 0707 0485 271.8 3.48914 3.56478 181.83673 21 0757 0424 132.2 3.38499 3.43453 42.24490 22 0943 0440 257.1 2.99201 3.46534 167.14285 8 0760 0299 330.6 3.37979 3.16523 240.61224 9 0816 0534 117.6 3.26071 3.66721 27.55102 16 0960 0376 220.4 2.95470 3.32704 130.40816 
000002 1 0707 0485 271.8 3.48914 3.56478 181.83673 21 0757 0424 132.2 3.38499 3.43453 42.24490 22 0943 0440 257.1 2.99201 3.46534 167.14285 8 0760 0299 330.6 3.37979 3.16523 240.61224 9 0816 0534 117.6 3.26071 3.66721 27.55102 16 0961 0376 220.4 2.95256 3.32702 130.40816 
000003 21 0757 0424 132.2 3.38499 3.43453 42.24490 1 0707 0485 271.8 3.48914 3.56478 181.83673 22 0943 0440 257.1 2.99201 3.46534 167.14285 8 0760 0299 330.6 3.37979 3.16523 240.61224 9 0816 0534 117.6 3.26071 3.66721 27.55102 16 0960 0376 220.4 2.95470 3.32704 130.40816 
000004 21 0757 0424 132.2 3.38499 3.43453 42.24490 1 0707 0485 271.8 3.48914 3.56478 181.83673 22 0943 0440 257.1 2.99201 3.46534 167.14285 8 0760 0299 330.6 3.37979 3.16523 240.61224 9 0816 0534 117.6 3.26071 3.66721 27.55102 16 0960 0376 220.4 2.95470 3.32704 130.40816 
000005 21 0757 0424 132.2 3.38499 3.43453 42.24490 1 0707 0485 271.8 3.48914 3.56478 181.83673 22 0943 0440 257.1 2.99201 3.46534 167.14285 8 0760 0299 330.6 3.37979 3.16523 240.61224 16 0960 0376 220.4 2.95470 3.32704 130.40816 9 0816 0534 117.6 3.26071 3.66721 27.55102 
000006 21 0757 0424 132.2 3.38499 3.43453 42.24490 1 0707 0485 271.8 3.48914 3.56478 181.83673 22 0943 0440 257.1 2.99201 3.46534 167.14285 8 0760 0299 330.6 3.37979 3.16523 240.61224 9 0816 0534 117.6 3.26071 3.66721 27.55102 16 0960 0376 220.4 2.95470 3.32704 130.40816 
000007 1 0707 0485 271.8 3.48914 3.56478 181.83673 21 0757 0424 132.2 3.38499 3.43453 42.24490 22 0943 0440 257.1 2.99201 3.46534 167.14285 8 0760 0299 330.6 3.37979 3.16523 240.61224 16 0960 0376 220.4 2.95470 3.32704 130.40816 9 0816 0534 117.6 3.26071 3.66721 27.55102 
000008 1 0707 0485 271.8 3.48914 3.56478 181.83673 21 0757 0424 132.2 3.38499 3.43453 42.24490 22 0943 0440 257.1 2.99201 3.46534 167.14285 8 0760 0299 330.6 3.37979 3.16523 240.61224 9 0816 0534 117.6 3.26071 3.66721 27.55102 16 0960 0376 220.4 2.95470 3.32704 130.40816 
000009 21 0757 0424 132.2 3.38499 3.43453 42.24490 1 0707 0485 271.8 3.48914 3.56478 181.83673 22 0943 0440 257.1 2.99201 3.46534 167.14285 8 0760 0299 330.6 3.37979 3.16523 240.61224 9 0816 0534 117.6 3.26071 3.66721 27.55102 16 0960 0376 220.4 2.95470 3.32704 130.40816 
000010 1 0707 0485 271.8 3.48914 3.56478 181.83673 21 0757 0424 132.2 3.38499 3.43453 42.24490 22 0943 0440 257.1 2.99201 3.46534 167.14285 8 0760 0299 330.6 3.37979 3.16523 240.61224 9 0816 0534 117.6 3.26071 3.66721 27.55102 16 0960 0376 220.4 2.95470 3.32704 130.40816 
000011 1 0707 0485 271.8 3.48914 3.56478 181.83673 21 0757 0424 132.2 3.38499 3.43453 42.24490 22 0943 0440 257.1 2.99201 3.46534 167.14285 8 0760 0299 330.6 3.37979 3.16523 240.61224 9 0816 0534 117.6 3.26071 3.66721 27.55102 16 0960 0376 220.4 2.95470 3.32704 130.40816 
000012 1 0707 0485 271.8 3.48914 3.56478 181.83673 21 0757 0424 132.2 3.38499 3.43453 42.24490 22 0943 0440 257.1 2.99201 3.46534 167.14285 8 0760 0299 330.6 3.37979 3.16523 240.61224 9 0816 0534 117.6 3.26071 3.66721 27.55102 16 0960 0376 220.4 2.95470 3.32704 130.40816 
000013 1 0707 0485 271.8 3.48914 3.56478 181.83673 21 0757 0424 132.2 3.38499 3.43453 42.24490 22 0943 0440 257.1 2.99201 3.46534 167.14285 8 0760 0299 330.6 3.37979 3.16523 240.61224 9 0816 0534 117.6 3.26071 3.66721 27.55102 16 0960 0376 220.4 2.95470 3.32704 130.40816 
000014 1 0707 0485 271.8 3.48914 3.56478 181.83673 21 0757 0424 132.2 3.38499 3.43453 42.24490 22 0943 0440 257.1 2.99201 3.46534 167.14285 8 0760 0299 330.6 3.37979 3.16523 240.61224 9 0816 0534 117.6 3.26071 3.66721 27.55102 16 0960 0376 220.4 2.95470 3.32704 130.40816 
000015 1 0707 0485 271.8 3.48914 3.56478 181.83673 21 0757 0424 132.2 3.38499 3.43453 42.24490 22 0943 0440 257.1 2.99201 3.46534 167.14285 8 0760 0299 330.6 3.37979 3.16523 240.61224 9 0816 0534 117.6 3.26071 3.66721 27.55102 16 0960 0376 220.4 2.95470 3.32704 130.40816 